{"@class":"Character","id":{"uuid":"582D38A4-F58E-4D7F-852B-2565EE782F10"},"airJumpIsActive":true,"maxStableSlopeAngle":45.0,"maxStableMoveSpeed":8.0,"stableMovementSharpness":0.05000000074505806,"maxAirMoveSpeed":8.0,"airAccelerationSpeed":0.10000000149011612,"rotationSpeed":0.10000000149011612,"allowJumpingWhenSliding":true,"allowWallJump":true,"jumpSpeed":3.0,"airJumpSpeed":3.0,"wallJumpSpeed":3.0,"crouchHeight":2.9000000953674318,"crouchSpeed":3.0,"slideSpeed":12.0,"wallHangSpeed":-1.0,"maxStepHeight":0.5,"ladderClimbingSpeed":6.0,"ladderGrabSpeed":6.0,"discreteRotationAngle":90.0,"isDiscreteRotation":false,"body":[{"@class":"BaseNode","object3D":{"@class":"BaseObject3D","id":{"uuid":"75446D50-7F2C-4B5A-88D3-78248CA9A9E1"},"name":"MainCharacter Body","enabled":true,"visible":true,"hitVisible":true,"colliders":[{"@class":"BaseComponentCollider","colliderId":{"uuid":"36A38747-E649-4DC3-90DD-77020D0534DF"}}],"rigidBody":{"@class":"BaseComponentPhysBody","rigidBodyId":{"uuid":"54E6F5E7-5378-4BC8-A7DF-85E578E761DB"},"isEnabled":true},"transform":{"@class":"BaseComponentTransformable","localTransforms":{"values":[1.0,0.0,0.0,0.0,0.0,1.0,0.0,0.0,0.0,0.0,1.0,0.0,0.0,0.0,0.0,1.0]}},"metadata":{"importedIdentifier":"","importedName":"","isBone":false}},"children":["35F688B5-1E3D-4AB7-A57F-D8BEFCD486A1","1DC6BFB2-8C5A-45A7-A856-8ED900419E99"]},{"@class":"BaseNode","object3D":{"@class":"BaseObject3D","id":{"uuid":"35F688B5-1E3D-4AB7-A57F-D8BEFCD486A1"},"name":"Model","enabled":true,"visible":true,"hitVisible":true,"transform":{"@class":"BaseComponentTransformable","localTransforms":{"values":[-1.1920927533992654e-7,0.0,-1.0,0.0,0.0,1.0,0.0,0.0,1.0,0.0,-1.1920927533992654e-7,0.0,0.0,0.0,0.0,1.0]}},"metadata":{"importedIdentifier":"","importedName":"","isBone":false}},"children":["A43C2632-EBEE-4913-AB4A-3B306D3724C5"]},{"@class":"BaseNode","object3D":{"@class":"BaseObject3D","id":{"uuid":"A43C2632-EBEE-4913-AB4A-3B306D3724C5"},"name":"maincharacter","enabled":true,"visible":true,"hitVisible":true,"transform":{"@class":"BaseComponentTransformable","localTransforms":{"values":[1.0,0.0,0.0,0.0,0.0,1.0,0.0,0.0,0.0,0.0,1.0,0.0,0.0,0.0,0.0,1.0]}},"metadata":{"importedIdentifier":"RootNode","importedName":"RootNode","isBone":false}},"children":["BC56CBD3-10E2-42D9-82C3-BEBFD980F602","3B213F72-2791-48DA-906E-9ADE5DE7A97E","67A20638-6880-4890-8D81-0BC351446DF8"]},{"@class":"BaseNode","object3D":{"@class":"BaseObject3D","id":{"uuid":"BC56CBD3-10E2-42D9-82C3-BEBFD980F602"},"name":"Fbx_Root","enabled":true,"visible":true,"hitVisible":true,"transform":{"@class":"BaseComponentTransformable","localTransforms":{"values":[2.5399999618530275,0.0,0.0,0.0,0.0,0.0,-2.5399999618530275,0.0,0.0,2.5399999618530275,0.0,0.0,0.0,0.0,0.0,1.0]}},"metadata":{"importedIdentifier":"Fbx_Root","importedName":"Fbx_Root","isBone":false}},"children":["4E4AF311-3173-4530-8196-69125745E6C0"]},{"@class":"BaseNode","object3D":{"@class":"BaseObject3D","id":{"uuid":"4E4AF311-3173-4530-8196-69125745E6C0"},"name":"default","enabled":true,"visible":true,"hitVisible":true,"geometry":{"@class":"BaseComponentGeometry","meshId":{"uuid":"B50DCA03-B227-4C2A-8A6D-906E27CAE12B"},"skinControllerId":{"uuid":"E340A75E-171F-4D95-BE63-2D4CA94B6EB7"},"skeleton":[{"uuid":"135ADF8D-CE94-4C7B-A5A0-0163D607B89F"},{"uuid":"A17DC1E5-4868-4DD5-822B-FED5647E8A4F"},{"uuid":"3B213F72-2791-48DA-906E-9ADE5DE7A97E"},{"uuid":"D3761A72-E5B5-45FB-AD75-4922B535760D"},{"uuid":"31453B4B-8862-485A-8A7D-4A91C7CC626E"},{"uuid":"BA67BCEE-C5F7-4005-85F8-64D22149A46F"},{"uuid":"21FC4E3F-6548-41F6-A96E-7868D9DF29CC"},{"uuid":"7DDE8D66-FD9F-4B42-A217-E84E52B2C8D5"},{"uuid":"C95428C6-4289-430A-A1C3-13AEB5F57EC8"},{"uuid":"1313E6D5-04D8-4BF1-96E9-679C9D35A227"},{"uuid":"B01B02C6-1FA6-4DB9-B56B-13EC42AE3B70"},{"uuid":"6523CE35-4136-4BCE-B2BD-D9F3F1BAE9C8"},{"uuid":"FB8DD160-6B4E-4221-832D-C542C5EF13A8"},{"uuid":"E821C59B-EBDF-4B02-9039-74A9A7A02152"},{"uuid":"C77C93B2-2513-49E7-9D13-170F9C56EC9B"},{"uuid":"8DE1EB97-137D-49BC-B9F2-14E06475196E"},{"uuid":"340B6874-371B-48E3-9E2D-3ACFD2A7C9C9"},{"uuid":"CEB7FAE7-29D0-4AA1-ABF8-981E63C21B3A"},{"uuid":"1FD82FB9-FE61-47E5-9EC4-80B3740DAFBF"},{"uuid":"D3121D68-9D62-4FAD-A478-61F9E09C3D04"},{"uuid":"DA1ACF80-7B70-4CC2-93BF-B8B5FDE1733F"},{"uuid":"A07F0F0A-4C7F-483D-AAB8-AB8215DDB246"},{"uuid":"6A7A0180-B658-4A46-8DC5-688748DE0669"},{"uuid":"703F1103-48FA-4F38-ABCB-2414518F4F8E"},{"uuid":"FCD0D990-0E2C-4CB7-8792-CE5416952E8C"},{"uuid":"41B8E10A-142B-48F7-82AC-47AD449723AD"},{"uuid":"502BA4A3-6C06-44FE-AD3C-7C8B81EAED2C"},{"uuid":"7A5300CF-CAFD-484E-92BE-90EBC1240CFF"},{"uuid":"BE7341EF-8B90-42C0-A7F0-32BCF0B28899"},{"uuid":"A14EFA6D-6145-4B1B-A97A-DEF4386A2D42"},{"uuid":"BF8B6D75-4267-4372-A2F4-0B9F01F4FC7A"},{"uuid":"29800C68-4138-40B2-897A-C32A0BB86CAA"},{"uuid":"641C6220-9718-43E5-9DDF-5FF71AC69460"},{"uuid":"EFE9517A-FB2D-4326-A38B-A9D0C55CDE56"},{"uuid":"2A7789F2-4682-4F81-9FC0-669549F3D7B5"},{"uuid":"8413B975-77EE-405B-972A-4A04E5A851A4"},{"uuid":"5B27CC9E-07AC-4E8C-95C8-4C11E9BE8B02"},{"uuid":"BD70454B-D72B-4790-B4E7-58B14137B34E"},{"uuid":"87C1C1B2-C7A0-4E16-945E-AE7A842236EC"},{"uuid":"82F40C4D-6B22-4793-A335-23654DFC581E"},{"uuid":"CF16F20D-55C7-4FE5-A15C-11CB1A970983"},{"uuid":"2265A353-EF98-4DE2-8249-D1371970B0BC"},{"uuid":"8CF4B813-08DF-42BC-8BC5-0B4C2848C76A"},{"uuid":"3C822749-19B3-4B23-A73E-A128F945C404"},{"uuid":"A589F199-3376-40CC-B62A-91E19D582090"},{"uuid":"613BDE0E-8128-4611-A041-58375FAE68D3"},{"uuid":"07D45857-0B2C-4CA1-B246-FEE714C1D2B6"},{"uuid":"8798C1D2-4A5B-4CC1-9A6C-87B91285188D"},{"uuid":"767D9882-4EFB-4109-9BDA-6D0760B333A4"},{"uuid":"9D3F35F5-8BCD-4062-A035-BF0F54E2AFAB"},{"uuid":"DAEA896C-9263-4D4D-B1E5-0D91B3FF6CD6"},{"uuid":"D5434EAF-4AEA-47D7-9EEA-BD326C06F2C3"}],"static":false,"shadowCast":true,"shadowReceive":true},"material":{"@class":"BaseComponentMaterial","materialId":{"uuid":"397B4C96-0CE9-42FA-B016-AC8D2F8D6C27"},"mapsStates":127},"transform":{"@class":"BaseComponentTransformable","localTransforms":{"values":[1.0,0.0,0.0,0.0,0.0,1.0,0.0,0.0,0.0,0.0,1.0,0.0,0.0,0.0,0.0,1.0]}},"metadata":{"importedIdentifier":"default","importedName":"default","isBone":false}}},{"@class":"BaseNode","object3D":{"@class":"BaseObject3D","id":{"uuid":"3B213F72-2791-48DA-906E-9ADE5DE7A97E"},"name":"mixamorig_Hips","enabled":true,"visible":true,"hitVisible":true,"transform":{"@class":"BaseComponentTransformable","localTransforms":{"values":[1.0,-0.000037999998312443498,-9.999999974752428e-7,0.0,0.000037999998312443498,1.0,0.0,0.0,9.999999974752428e-7,0.0,1.0,0.0,0.000006000000212225132,1.475203037261963,0.006819000001996756,1.0]}},"metadata":{"importedIdentifier":"mixamorig_Hips","importedName":"mixamorig_Hips","isBone":false}},"children":["FB8DD160-6B4E-4221-832D-C542C5EF13A8","135ADF8D-CE94-4C7B-A5A0-0163D607B89F","A17DC1E5-4868-4DD5-822B-FED5647E8A4F"]},{"@class":"BaseNode","object3D":{"@class":"BaseObject3D","id":{"uuid":"FB8DD160-6B4E-4221-832D-C542C5EF13A8"},"name":"mixamorig_Spine","enabled":true,"visible":true,"hitVisible":true,"transform":{"@class":"BaseComponentTransformable","localTransforms":{"values":[1.0,0.000037999998312443498,9.999999974752428e-7,0.0,-0.000037999998312443498,0.9995480179786682,0.0300539992749691,0.0,0.0,-0.0300539992749691,0.9995480179786682,0.0,0.0,0.15729700028896333,0.004730000160634518,1.0]}},"metadata":{"importedIdentifier":"mixamorig_Spine","importedName":"mixamorig_Spine","isBone":false}},"children":["B01B02C6-1FA6-4DB9-B56B-13EC42AE3B70"]},{"@class":"BaseNode","object3D":{"@class":"BaseObject3D","id":{"uuid":"B01B02C6-1FA6-4DB9-B56B-13EC42AE3B70"},"name":"mixamorig_Spine1","enabled":true,"visible":true,"hitVisible":true,"transform":{"@class":"BaseComponentTransformable","localTransforms":{"values":[1.0,0.0,0.0,0.0,0.0,1.0,0.0,0.0,0.0,0.0,1.0,0.0,0.0,0.18359600007534028,0.0,1.0]}},"metadata":{"importedIdentifier":"mixamorig_Spine1","importedName":"mixamorig_Spine1","isBone":false}},"children":["D3761A72-E5B5-45FB-AD75-4922B535760D"]},{"@class":"BaseNode","object3D":{"@class":"BaseObject3D","id":{"uuid":"D3761A72-E5B5-45FB-AD75-4922B535760D"},"name":"mixamorig_Spine2","enabled":true,"visible":true,"hitVisible":true,"transform":{"@class":"BaseComponentTransformable","localTransforms":{"values":[1.0,0.0,0.0,0.0,0.0,1.0,0.0,0.0,0.0,0.0,1.0,0.0,0.0,0.20982399582862855,0.0,1.0]}},"metadata":{"importedIdentifier":"mixamorig_Spine2","importedName":"mixamorig_Spine2","isBone":false}},"children":["BA67BCEE-C5F7-4005-85F8-64D22149A46F","31453B4B-8862-485A-8A7D-4A91C7CC626E","BF8B6D75-4267-4372-A2F4-0B9F01F4FC7A"]},{"@class":"BaseNode","object3D":{"@class":"BaseObject3D","id":{"uuid":"BA67BCEE-C5F7-4005-85F8-64D22149A46F"},"name":"mixamorig_Neck","enabled":true,"visible":true,"hitVisible":true,"transform":{"@class":"BaseComponentTransformable","localTransforms":{"values":[1.0,0.0,0.0,0.0,0.0,0.9995480179786682,-0.0300539992749691,0.0,0.0,0.0300539992749691,0.9995480179786682,0.0,0.0,0.236052006483078,0.0,1.0]}},"metadata":{"importedIdentifier":"mixamorig_Neck","importedName":"mixamorig_Neck","isBone":false}},"children":["21FC4E3F-6548-41F6-A96E-7868D9DF29CC"]},{"@class":"BaseNode","object3D":{"@class":"BaseObject3D","id":{"uuid":"21FC4E3F-6548-41F6-A96E-7868D9DF29CC"},"name":"mixamorig_Head","enabled":true,"visible":true,"hitVisible":true,"transform":{"@class":"BaseComponentTransformable","localTransforms":{"values":[1.0,0.0,0.0,0.0,0.0,1.0,0.0,0.0,0.0,0.0,1.0,0.0,0.0,0.2464040070772171,-0.03666599839925766,1.0]}},"metadata":{"importedIdentifier":"mixamorig_Head","importedName":"mixamorig_Head","isBone":false}},"children":["15ECBB13-AF4B-409E-85A3-2A5E1459A3DB"]},{"@class":"BaseNode","object3D":{"@class":"BaseObject3D","id":{"uuid":"15ECBB13-AF4B-409E-85A3-2A5E1459A3DB"},"name":"mixamorig_HeadTop_End","enabled":true,"visible":true,"hitVisible":true,"transform":{"@class":"BaseComponentTransformable","localTransforms":{"values":[1.0,0.0,0.0,0.0,0.0,1.0,0.0,0.0,0.0,0.0,1.0,0.0,0.0,1.1211349964141846,-0.16682900488376618,1.0]}},"metadata":{"importedIdentifier":"mixamorig_HeadTop_End","importedName":"mixamorig_HeadTop_End","isBone":false}}},{"@class":"BaseNode","object3D":{"@class":"BaseObject3D","id":{"uuid":"31453B4B-8862-485A-8A7D-4A91C7CC626E"},"name":"mixamorig_LeftShoulder","enabled":true,"visible":true,"hitVisible":true,"transform":{"@class":"BaseComponentTransformable","localTransforms":{"values":[0.0015589999966323376,0.00011300000187475234,-0.9999989867210388,0.0,0.9993399977684021,-0.03628399968147278,0.0015539999585598708,0.0,-0.03628399968147278,-0.9993420243263245,-0.00016900000628083944,0.0,0.1481339931488037,0.22609999775886537,0.00036800000816583633,1.0]}},"metadata":{"importedIdentifier":"mixamorig_LeftShoulder","importedName":"mixamorig_LeftShoulder","isBone":false}},"children":["6523CE35-4136-4BCE-B2BD-D9F3F1BAE9C8"]},{"@class":"BaseNode","object3D":{"@class":"BaseObject3D","id":{"uuid":"6523CE35-4136-4BCE-B2BD-D9F3F1BAE9C8"},"name":"mixamorig_LeftArm","enabled":true,"visible":true,"hitVisible":true,"transform":{"@class":"BaseComponentTransformable","localTransforms":{"values":[0.9999930262565613,-0.001686000032350421,-0.003432000055909157,0.0,0.001560000004246831,0.9993379712104797,-0.036348000168800357,0.0,0.0034910000395029785,0.03634199872612953,0.9993330240249634,0.0,0.0,0.29906898736953738,0.0,1.0]}},"metadata":{"importedIdentifier":"mixamorig_LeftArm","importedName":"mixamorig_LeftArm","isBone":false}},"children":["E821C59B-EBDF-4B02-9039-74A9A7A02152"]},{"@class":"BaseNode","object3D":{"@class":"BaseObject3D","id":{"uuid":"E821C59B-EBDF-4B02-9039-74A9A7A02152"},"name":"mixamorig_LeftForeArm","enabled":true,"visible":true,"hitVisible":true,"transform":{"@class":"BaseComponentTransformable","localTransforms":{"values":[0.9999960064888,9.999999974752428e-7,-0.002951999893411994,0.0,-9.999999974752428e-7,1.0,0.0,0.0,0.002951999893411994,0.0,0.9999960064888,0.0,0.0,0.2411089986562729,0.0,1.0]}},"metadata":{"importedIdentifier":"mixamorig_LeftForeArm","importedName":"mixamorig_LeftForeArm","isBone":false}},"children":["C77C93B2-2513-49E7-9D13-170F9C56EC9B"]},{"@class":"BaseNode","object3D":{"@class":"BaseObject3D","id":{"uuid":"C77C93B2-2513-49E7-9D13-170F9C56EC9B"},"name":"mixamorig_LeftHand","enabled":true,"visible":true,"hitVisible":true,"transform":{"@class":"BaseComponentTransformable","localTransforms":{"values":[0.9903789758682251,-0.13649000227451325,0.022816000506281854,0.0,0.135670006275177,0.9901599884033203,0.03429200127720833,0.0,-0.027272000908851625,-0.030866000801324846,0.9991509914398193,0.0,0.0,0.4212009906768799,0.0,1.0]}},"metadata":{"importedIdentifier":"mixamorig_LeftHand","importedName":"mixamorig_LeftHand","isBone":false}},"children":["340B6874-371B-48E3-9E2D-3ACFD2A7C9C9","DA1ACF80-7B70-4CC2-93BF-B8B5FDE1733F","8DE1EB97-137D-49BC-B9F2-14E06475196E","1FD82FB9-FE61-47E5-9EC4-80B3740DAFBF","D3121D68-9D62-4FAD-A478-61F9E09C3D04"]},{"@class":"BaseNode","object3D":{"@class":"BaseObject3D","id":{"uuid":"340B6874-371B-48E3-9E2D-3ACFD2A7C9C9"},"name":"mixamorig_LeftHandThumb1","enabled":true,"visible":true,"hitVisible":true,"transform":{"@class":"BaseComponentTransformable","localTransforms":{"values":[0.7066500186920166,0.7062389850616455,0.0432559996843338,0.0,-0.6551910042762756,0.6300399899482727,0.41686299443244936,0.0,0.2671529948711395,-0.32291701436042788,0.9079390168190002,0.0,-0.0682779997587204,0.08393300324678421,0.0063680000603199009,1.0]}},"metadata":{"importedIdentifier":"mixamorig_LeftHandThumb1","importedName":"mixamorig_LeftHandThumb1","isBone":false}},"children":["A07F0F0A-4C7F-483D-AAB8-AB8215DDB246"]},{"@class":"BaseNode","object3D":{"@class":"BaseObject3D","id":{"uuid":"A07F0F0A-4C7F-483D-AAB8-AB8215DDB246"},"name":"mixamorig_LeftHandThumb2","enabled":true,"visible":true,"hitVisible":true,"transform":{"@class":"BaseComponentTransformable","localTransforms":{"values":[0.9670770168304443,-0.25448501110076907,-0.00007699999696342275,0.0,0.25448501110076907,0.9670770168304443,-0.000009000000318337698,0.0,0.00007599999662488699,-0.000011000000085914508,1.0,0.0,0.011578000150620938,0.08593200147151947,0.0,1.0]}},"metadata":{"importedIdentifier":"mixamorig_LeftHandThumb2","importedName":"mixamorig_LeftHandThumb2","isBone":false}},"children":["CEB7FAE7-29D0-4AA1-ABF8-981E63C21B3A"]},{"@class":"BaseNode","object3D":{"@class":"BaseObject3D","id":{"uuid":"CEB7FAE7-29D0-4AA1-ABF8-981E63C21B3A"},"name":"mixamorig_LeftHandThumb3","enabled":true,"visible":true,"hitVisible":true,"transform":{"@class":"BaseComponentTransformable","localTransforms":{"values":[0.9959660172462463,0.08964300155639649,-0.004050999879837036,0.0,-0.08964499831199646,0.9959740042686462,-0.00013600000238511711,0.0,0.004023000132292509,0.0004980000085197389,0.9999920129776001,0.0,-0.009634999558329583,0.0776429995894432,0.0,1.0]}},"metadata":{"importedIdentifier":"mixamorig_LeftHandThumb3","importedName":"mixamorig_LeftHandThumb3","isBone":false}},"children":["5161327A-FD01-4CE2-8A70-7898C4BD7E5C"]},{"@class":"BaseNode","object3D":{"@class":"BaseObject3D","id":{"uuid":"5161327A-FD01-4CE2-8A70-7898C4BD7E5C"},"name":"mixamorig_LeftHandThumb4","enabled":true,"visible":true,"hitVisible":true,"transform":{"@class":"BaseComponentTransformable","localTransforms":{"values":[1.0,0.0,0.0,0.0,0.0,1.0,0.0,0.0,0.0,0.0,1.0,0.0,-0.001943000010214746,0.056984998285770419,0.0,1.0]}},"metadata":{"importedIdentifier":"mixamorig_LeftHandThumb4","importedName":"mixamorig_LeftHandThumb4","isBone":false}}},{"@class":"BaseNode","object3D":{"@class":"BaseObject3D","id":{"uuid":"DA1ACF80-7B70-4CC2-93BF-B8B5FDE1733F"},"name":"mixamorig_LeftHandIndex1","enabled":true,"visible":true,"hitVisible":true,"transform":{"@class":"BaseComponentTransformable","localTransforms":{"values":[0.9907910227775574,0.13539999723434449,-0.0005230000242590904,0.0,-0.1353510022163391,0.9903169870376587,-0.03086799941956997,0.0,-0.0036619999445974828,0.03065500035881996,0.9995229840278626,0.0,-0.06926099956035614,0.19988499581813813,0.0017310000257566572,1.0]}},"metadata":{"importedIdentifier":"mixamorig_LeftHandIndex1","importedName":"mixamorig_LeftHandIndex1","isBone":false}},"children":["6A7A0180-B658-4A46-8DC5-688748DE0669"]},{"@class":"BaseNode","object3D":{"@class":"BaseObject3D","id":{"uuid":"6A7A0180-B658-4A46-8DC5-688748DE0669"},"name":"mixamorig_LeftHandIndex2","enabled":true,"visible":true,"hitVisible":true,"transform":{"@class":"BaseComponentTransformable","localTransforms":{"values":[1.0,-0.000007999999979801942,0.00003099999958067201,0.0,0.000007999999979801942,1.0,0.0,0.0,-0.00003099999958067201,0.0,1.0,0.0,-0.00013499999477062374,0.08687900006771088,0.0,1.0]}},"metadata":{"importedIdentifier":"mixamorig_LeftHandIndex2","importedName":"mixamorig_LeftHandIndex2","isBone":false}},"children":["703F1103-48FA-4F38-ABCB-2414518F4F8E"]},{"@class":"BaseNode","object3D":{"@class":"BaseObject3D","id":{"uuid":"703F1103-48FA-4F38-ABCB-2414518F4F8E"},"name":"mixamorig_LeftHandIndex3","enabled":true,"visible":true,"hitVisible":true,"transform":{"@class":"BaseComponentTransformable","localTransforms":{"values":[0.9999920129776001,0.00395999988541007,-0.00008299999899463728,0.0,-0.00395999988541007,0.9999920129776001,9.999999974752428e-7,0.0,0.00008299999899463728,0.0,1.0,0.0,-0.000050999999075429517,0.08626999706029892,0.0,1.0]}},"metadata":{"importedIdentifier":"mixamorig_LeftHandIndex3","importedName":"mixamorig_LeftHandIndex3","isBone":false}},"children":["6EC11095-6728-405C-B599-CCB038B0DAEA"]},{"@class":"BaseNode","object3D":{"@class":"BaseObject3D","id":{"uuid":"6EC11095-6728-405C-B599-CCB038B0DAEA"},"name":"mixamorig_LeftHandIndex4","enabled":true,"visible":true,"hitVisible":true,"transform":{"@class":"BaseComponentTransformable","localTransforms":{"values":[1.0,0.0,0.0,0.0,0.0,1.0,0.0,0.0,0.0,0.0,1.0,0.0,0.00018600000475998968,0.07144100219011307,0.0,1.0]}},"metadata":{"importedIdentifier":"mixamorig_LeftHandIndex4","importedName":"mixamorig_LeftHandIndex4","isBone":false}}},{"@class":"BaseNode","object3D":{"@class":"BaseObject3D","id":{"uuid":"8DE1EB97-137D-49BC-B9F2-14E06475196E"},"name":"mixamorig_LeftHandMiddle1","enabled":true,"visible":true,"hitVisible":true,"transform":{"@class":"BaseComponentTransformable","localTransforms":{"values":[0.9909120202064514,0.13449999690055848,0.0016250000335276127,0.0,-0.13438600301742555,0.990447998046875,-0.030863000079989435,0.0,-0.005760000087320805,0.030364999547600747,0.9995219707489014,0.0,-0.028317999094724656,0.20526699721813203,-0.0063760001212358479,1.0]}},"metadata":{"importedIdentifier":"mixamorig_LeftHandMiddle1","importedName":"mixamorig_LeftHandMiddle1","isBone":false}},"children":["FCD0D990-0E2C-4CB7-8792-CE5416952E8C"]},{"@class":"BaseNode","object3D":{"@class":"BaseObject3D","id":{"uuid":"FCD0D990-0E2C-4CB7-8792-CE5416952E8C"},"name":"mixamorig_LeftHandMiddle2","enabled":true,"visible":true,"hitVisible":true,"transform":{"@class":"BaseComponentTransformable","localTransforms":{"values":[0.9999989867210388,0.0010519999777898193,0.000024000000848900528,0.0,-0.0010519999777898193,0.9999989867210388,9.999999974752428e-7,0.0,-0.000024000000848900528,-9.999999974752428e-7,1.0,0.0,-0.00021600000036414713,0.09419099986553192,0.0,1.0]}},"metadata":{"importedIdentifier":"mixamorig_LeftHandMiddle2","importedName":"mixamorig_LeftHandMiddle2","isBone":false}},"children":["41B8E10A-142B-48F7-82AC-47AD449723AD"]},{"@class":"BaseNode","object3D":{"@class":"BaseObject3D","id":{"uuid":"41B8E10A-142B-48F7-82AC-47AD449723AD"},"name":"mixamorig_LeftHandMiddle3","enabled":true,"visible":true,"hitVisible":true,"transform":{"@class":"BaseComponentTransformable","localTransforms":{"values":[0.9999880194664002,0.004863000009208918,-0.00019500000053085387,0.0,-0.004863000009208918,0.9999880194664002,9.999999974752428e-7,0.0,0.00019500000053085387,0.0,1.0,0.0,-0.00013299999409355223,0.0933929979801178,0.0,1.0]}},"metadata":{"importedIdentifier":"mixamorig_LeftHandMiddle3","importedName":"mixamorig_LeftHandMiddle3","isBone":false}},"children":["401F7823-61CB-4381-AD21-3F8CED735C1A"]},{"@class":"BaseNode","object3D":{"@class":"BaseObject3D","id":{"uuid":"401F7823-61CB-4381-AD21-3F8CED735C1A"},"name":"mixamorig_LeftHandMiddle4","enabled":true,"visible":true,"hitVisible":true,"transform":{"@class":"BaseComponentTransformable","localTransforms":{"values":[1.0,0.0,0.0,0.0,0.0,1.0,0.0,0.0,0.0,0.0,1.0,0.0,0.0003490000090096146,0.07913099974393845,0.0,1.0]}},"metadata":{"importedIdentifier":"mixamorig_LeftHandMiddle4","importedName":"mixamorig_LeftHandMiddle4","isBone":false}}},{"@class":"BaseNode","object3D":{"@class":"BaseObject3D","id":{"uuid":"1FD82FB9-FE61-47E5-9EC4-80B3740DAFBF"},"name":"mixamorig_LeftHandRing1","enabled":true,"visible":true,"hitVisible":true,"transform":{"@class":"BaseComponentTransformable","localTransforms":{"values":[0.9906269907951355,0.13659299910068513,0.001196000026538968,0.0,-0.13649100065231324,0.9901599884033203,-0.030866000801324846,0.0,-0.005400000140070915,0.030414000153541566,0.9995229840278626,0.0,0.025980999693274499,0.3043679893016815,-0.0017999999690800906,1.0]}},"metadata":{"importedIdentifier":"mixamorig_LeftHandRing1","importedName":"mixamorig_LeftHandRing1","isBone":false}},"children":["502BA4A3-6C06-44FE-AD3C-7C8B81EAED2C"]},{"@class":"BaseNode","object3D":{"@class":"BaseObject3D","id":{"uuid":"502BA4A3-6C06-44FE-AD3C-7C8B81EAED2C"},"name":"mixamorig_LeftHandRing2","enabled":true,"visible":true,"hitVisible":true,"transform":{"@class":"BaseComponentTransformable","localTransforms":{"values":[1.0,0.0,0.0,0.0,0.0,1.0,0.0,0.0,0.0,0.0,1.0,0.0,0.00003600000127335079,0.05914599820971489,0.0,1.0]}},"metadata":{"importedIdentifier":"mixamorig_LeftHandRing2","importedName":"mixamorig_LeftHandRing2","isBone":false}},"children":["7A5300CF-CAFD-484E-92BE-90EBC1240CFF"]},{"@class":"BaseNode","object3D":{"@class":"BaseObject3D","id":{"uuid":"7A5300CF-CAFD-484E-92BE-90EBC1240CFF"},"name":"mixamorig_LeftHandRing3","enabled":true,"visible":true,"hitVisible":true,"transform":{"@class":"BaseComponentTransformable","localTransforms":{"values":[0.9999970197677612,-0.002409999957308173,-0.000060999998822808269,0.0,0.002409999957308173,0.9999970197677612,0.0,0.0,0.000060999998822808269,0.0,1.0,0.0,0.00002099999983329326,0.056380998343229297,0.0,1.0]}},"metadata":{"importedIdentifier":"mixamorig_LeftHandRing3","importedName":"mixamorig_LeftHandRing3","isBone":false}},"children":["D3D66DA0-9D1E-4587-9D79-5C71AEF0EC62"]},{"@class":"BaseNode","object3D":{"@class":"BaseObject3D","id":{"uuid":"D3D66DA0-9D1E-4587-9D79-5C71AEF0EC62"},"name":"mixamorig_LeftHandRing4","enabled":true,"visible":true,"hitVisible":true,"transform":{"@class":"BaseComponentTransformable","localTransforms":{"values":[1.0,0.0,0.0,0.0,0.0,1.0,0.0,0.0,0.0,0.0,1.0,0.0,-0.00005700000110664405,0.04145900160074234,0.0,1.0]}},"metadata":{"importedIdentifier":"mixamorig_LeftHandRing4","importedName":"mixamorig_LeftHandRing4","isBone":false}}},{"@class":"BaseNode","object3D":{"@class":"BaseObject3D","id":{"uuid":"D3121D68-9D62-4FAD-A478-61F9E09C3D04"},"name":"mixamorig_LeftHandPinky1","enabled":true,"visible":true,"hitVisible":true,"transform":{"@class":"BaseComponentTransformable","localTransforms":{"values":[0.990909993648529,0.13451999425888062,-0.0013419999741017819,0.0,-0.1344970017671585,0.9904329776763916,-0.030869999900460244,0.0,-0.0028230000752955677,0.03077000007033348,0.9995219707489014,0.0,0.07159800082445145,0.31719300150871279,0.0007730000070296228,1.0]}},"metadata":{"importedIdentifier":"mixamorig_LeftHandPinky1","importedName":"mixamorig_LeftHandPinky1","isBone":false}},"children":["BE7341EF-8B90-42C0-A7F0-32BCF0B28899"]},{"@class":"BaseNode","object3D":{"@class":"BaseObject3D","id":{"uuid":"BE7341EF-8B90-42C0-A7F0-32BCF0B28899"},"name":"mixamorig_LeftHandPinky2","enabled":true,"visible":true,"hitVisible":true,"transform":{"@class":"BaseComponentTransformable","localTransforms":{"values":[0.9999979734420776,0.0020119999535381796,0.00005900000178371556,0.0,-0.0020119999535381796,0.9999979734420776,0.0,0.0,-0.00005900000178371556,0.0,1.0,0.0,-0.0001320000010309741,0.0496629998087883,0.0,1.0]}},"metadata":{"importedIdentifier":"mixamorig_LeftHandPinky2","importedName":"mixamorig_LeftHandPinky2","isBone":false}},"children":["A14EFA6D-6145-4B1B-A97A-DEF4386A2D42"]},{"@class":"BaseNode","object3D":{"@class":"BaseObject3D","id":{"uuid":"A14EFA6D-6145-4B1B-A97A-DEF4386A2D42"},"name":"mixamorig_LeftHandPinky3","enabled":true,"visible":true,"hitVisible":true,"transform":{"@class":"BaseComponentTransformable","localTransforms":{"values":[0.9999629855155945,0.008546999655663967,-0.001066999975591898,0.0,-0.008546999655663967,0.9999629855155945,0.000009999999747378752,0.0,0.001066999975591898,0.0,0.9999989867210388,0.0,-0.000029999999242136256,0.03833499923348427,0.0,1.0]}},"metadata":{"importedIdentifier":"mixamorig_LeftHandPinky3","importedName":"mixamorig_LeftHandPinky3","isBone":false}},"children":["871EAD6E-A9A9-4CEA-B0DF-5442C1506E5B"]},{"@class":"BaseNode","object3D":{"@class":"BaseObject3D","id":{"uuid":"871EAD6E-A9A9-4CEA-B0DF-5442C1506E5B"},"name":"mixamorig_LeftHandPinky4","enabled":true,"visible":true,"hitVisible":true,"transform":{"@class":"BaseComponentTransformable","localTransforms":{"values":[1.0,0.0,0.0,0.0,0.0,1.0,0.0,0.0,0.0,0.0,1.0,0.0,0.0001630000042496249,0.02336299978196621,0.0,1.0]}},"metadata":{"importedIdentifier":"mixamorig_LeftHandPinky4","importedName":"mixamorig_LeftHandPinky4","isBone":false}}},{"@class":"BaseNode","object3D":{"@class":"BaseObject3D","id":{"uuid":"BF8B6D75-4267-4372-A2F4-0B9F01F4FC7A"},"name":"mixamorig_RightShoulder","enabled":true,"visible":true,"hitVisible":true,"transform":{"@class":"BaseComponentTransformable","localTransforms":{"values":[0.0006380000268109143,-0.00008299999899463728,1.0,0.0,-0.9993450045585632,-0.03617500141263008,0.0006339999963529408,0.0,0.03617500141263008,-0.9993450045585632,-0.00010599999950500205,0.0,-0.1481339931488037,0.2260960042476654,0.0002300000051036477,1.0]}},"metadata":{"importedIdentifier":"mixamorig_RightShoulder","importedName":"mixamorig_RightShoulder","isBone":false}},"children":["2A7789F2-4682-4F81-9FC0-669549F3D7B5"]},{"@class":"BaseNode","object3D":{"@class":"BaseObject3D","id":{"uuid":"2A7789F2-4682-4F81-9FC0-669549F3D7B5"},"name":"mixamorig_RightArm","enabled":true,"visible":true,"hitVisible":true,"transform":{"@class":"BaseComponentTransformable","localTransforms":{"values":[0.9999930262565613,0.0007680000271648169,0.0035920001100748779,0.0,-0.0006360000115819275,0.9993370175361633,-0.036396998912096027,0.0,-0.0036170000676065685,0.03639400005340576,0.999330997467041,0.0,0.0,0.29906898736953738,0.0,1.0]}},"metadata":{"importedIdentifier":"mixamorig_RightArm","importedName":"mixamorig_RightArm","isBone":false}},"children":["8413B975-77EE-405B-972A-4A04E5A851A4"]},{"@class":"BaseNode","object3D":{"@class":"BaseObject3D","id":{"uuid":"8413B975-77EE-405B-972A-4A04E5A851A4"},"name":"mixamorig_RightForeArm","enabled":true,"visible":true,"hitVisible":true,"transform":{"@class":"BaseComponentTransformable","localTransforms":{"values":[0.9999939799308777,9.999999974752428e-7,0.0033470001071691515,0.0,-9.999999974752428e-7,1.0,0.0,0.0,-0.0033470001071691515,0.0,0.9999939799308777,0.0,0.0,0.24111400544643403,0.0,1.0]}},"metadata":{"importedIdentifier":"mixamorig_RightForeArm","importedName":"mixamorig_RightForeArm","isBone":false}},"children":["5B27CC9E-07AC-4E8C-95C8-4C11E9BE8B02"]},{"@class":"BaseNode","object3D":{"@class":"BaseObject3D","id":{"uuid":"5B27CC9E-07AC-4E8C-95C8-4C11E9BE8B02"},"name":"mixamorig_RightHand","enabled":true,"visible":true,"hitVisible":true,"transform":{"@class":"BaseComponentTransformable","localTransforms":{"values":[0.9905459880828857,0.1352909952402115,-0.022710999473929406,0.0,-0.13483799993991853,0.9906569719314575,0.020410999655723573,0.0,0.025259999558329583,-0.017155999317765237,0.999534010887146,0.0,0.0,0.4212009906768799,0.0,1.0]}},"metadata":{"importedIdentifier":"mixamorig_RightHand","importedName":"mixamorig_RightHand","isBone":false}},"children":["82F40C4D-6B22-4793-A335-23654DFC581E","BD70454B-D72B-4790-B4E7-58B14137B34E","87C1C1B2-C7A0-4E16-945E-AE7A842236EC","8CF4B813-08DF-42BC-8BC5-0B4C2848C76A","3C822749-19B3-4B23-A73E-A128F945C404"]},{"@class":"BaseNode","object3D":{"@class":"BaseObject3D","id":{"uuid":"82F40C4D-6B22-4793-A335-23654DFC581E"},"name":"mixamorig_RightHandThumb1","enabled":true,"visible":true,"hitVisible":true,"transform":{"@class":"BaseComponentTransformable","localTransforms":{"values":[0.7716860175132752,-0.6359930038452148,0.0036359999794512989,0.0,0.573369026184082,0.698153018951416,0.428754985332489,0.0,-0.2752240002155304,-0.328779011964798,0.9034140110015869,0.0,0.07613299787044525,0.0876929983496666,0.0075969998724758629,1.0]}},"metadata":{"importedIdentifier":"mixamorig_RightHandThumb1","importedName":"mixamorig_RightHandThumb1","isBone":false}},"children":["CF16F20D-55C7-4FE5-A15C-11CB1A970983"]},{"@class":"BaseNode","object3D":{"@class":"BaseObject3D","id":{"uuid":"CF16F20D-55C7-4FE5-A15C-11CB1A970983"},"name":"mixamorig_RightHandThumb2","enabled":true,"visible":true,"hitVisible":true,"transform":{"@class":"BaseComponentTransformable","localTransforms":{"values":[0.9892860054969788,0.1459909975528717,0.00032500000088475645,0.0,-0.1459909975528717,0.9892860054969788,-0.00003899999865097925,0.0,-0.00032699998700991273,-0.000009000000318337698,1.0,0.0,-0.002343999920412898,0.0930740013718605,0.0,1.0]}},"metadata":{"importedIdentifier":"mixamorig_RightHandThumb2","importedName":"mixamorig_RightHandThumb2","isBone":false}},"children":["D5434EAF-4AEA-47D7-9EEA-BD326C06F2C3"]},{"@class":"BaseNode","object3D":{"@class":"BaseObject3D","id":{"uuid":"D5434EAF-4AEA-47D7-9EEA-BD326C06F2C3"},"name":"mixamorig_RightHandThumb3","enabled":true,"visible":true,"hitVisible":true,"transform":{"@class":"BaseComponentTransformable","localTransforms":{"values":[0.9667850136756897,-0.2555899918079376,0.0006370000191964209,0.0,0.2555899918079376,0.9667850136756897,0.00008800000068731606,0.0,-0.0006389999762177467,0.0000779999973019585,1.0,0.0,0.008906999602913857,0.07271499931812287,0.0,1.0]}},"metadata":{"importedIdentifier":"mixamorig_RightHandThumb3","importedName":"mixamorig_RightHandThumb3","isBone":false}},"children":["416F6B6E-74D3-4F05-802D-6900D52095F4"]},{"@class":"BaseNode","object3D":{"@class":"BaseObject3D","id":{"uuid":"416F6B6E-74D3-4F05-802D-6900D52095F4"},"name":"mixamorig_RightHandThumb4","enabled":true,"visible":true,"hitVisible":true,"transform":{"@class":"BaseComponentTransformable","localTransforms":{"values":[1.0,0.0,0.0,0.0,0.0,1.0,0.0,0.0,0.0,0.0,1.0,0.0,-0.006562999915331602,0.04799899831414223,0.0,1.0]}},"metadata":{"importedIdentifier":"mixamorig_RightHandThumb4","importedName":"mixamorig_RightHandThumb4","isBone":false}}},{"@class":"BaseNode","object3D":{"@class":"BaseObject3D","id":{"uuid":"BD70454B-D72B-4790-B4E7-58B14137B34E"},"name":"mixamorig_RightHandIndex1","enabled":true,"visible":true,"hitVisible":true,"transform":{"@class":"BaseComponentTransformable","localTransforms":{"values":[0.9910979866981506,-0.13312199711799622,-0.00184599997010082,0.0,0.13307100534439088,0.9909579753875732,-0.017152000218629838,0.0,0.004112999886274338,0.016753999516367914,0.9998509883880615,0.0,0.07117000222206116,0.20197699964046479,0.00004400000034365803,1.0]}},"metadata":{"importedIdentifier":"mixamorig_RightHandIndex1","importedName":"mixamorig_RightHandIndex1","isBone":false}},"children":["2265A353-EF98-4DE2-8249-D1371970B0BC"]},{"@class":"BaseNode","object3D":{"@class":"BaseObject3D","id":{"uuid":"2265A353-EF98-4DE2-8249-D1371970B0BC"},"name":"mixamorig_RightHandIndex2","enabled":true,"visible":true,"hitVisible":true,"transform":{"@class":"BaseComponentTransformable","localTransforms":{"values":[1.0,0.00010800000018207356,0.00004099999932805076,0.0,-0.00010800000018207356,1.0,0.0,0.0,-0.00004099999932805076,0.0,1.0,0.0,0.00018400000408291817,0.08932600170373917,0.0,1.0]}},"metadata":{"importedIdentifier":"mixamorig_RightHandIndex2","importedName":"mixamorig_RightHandIndex2","isBone":false}},"children":["613BDE0E-8128-4611-A041-58375FAE68D3"]},{"@class":"BaseNode","object3D":{"@class":"BaseObject3D","id":{"uuid":"613BDE0E-8128-4611-A041-58375FAE68D3"},"name":"mixamorig_RightHandIndex3","enabled":true,"visible":true,"hitVisible":true,"transform":{"@class":"BaseComponentTransformable","localTransforms":{"values":[0.999966025352478,-0.008282000198960305,0.00037900000461377203,0.0,0.008282000198960305,0.999966025352478,0.000003000000106112566,0.0,-0.00037900000461377203,0.0,1.0,0.0,0.00022400000307243317,0.08517900109291077,0.0,1.0]}},"metadata":{"importedIdentifier":"mixamorig_RightHandIndex3","importedName":"mixamorig_RightHandIndex3","isBone":false}},"children":["AA0B6039-5166-4003-A251-E7F54E696185"]},{"@class":"BaseNode","object3D":{"@class":"BaseObject3D","id":{"uuid":"AA0B6039-5166-4003-A251-E7F54E696185"},"name":"mixamorig_RightHandIndex4","enabled":true,"visible":true,"hitVisible":true,"transform":{"@class":"BaseComponentTransformable","localTransforms":{"values":[1.0,0.0,0.0,0.0,0.0,1.0,0.0,0.0,0.0,0.0,1.0,0.0,-0.0004079999926034361,0.06740599870681763,0.0,1.0]}},"metadata":{"importedIdentifier":"mixamorig_RightHandIndex4","importedName":"mixamorig_RightHandIndex4","isBone":false}}},{"@class":"BaseNode","object3D":{"@class":"BaseObject3D","id":{"uuid":"87C1C1B2-C7A0-4E16-945E-AE7A842236EC"},"name":"mixamorig_RightHandMiddle1","enabled":true,"visible":true,"hitVisible":true,"transform":{"@class":"BaseComponentTransformable","localTransforms":{"values":[0.9912199974060059,-0.1322219967842102,-0.0005389999714680016,0.0,0.13219299912452699,0.9910759925842285,-0.017155999317765237,0.0,0.0028029999230057,0.016933999955654146,0.9998530149459839,0.0,0.027557000517845155,0.2020840048789978,-0.0034620000515133144,1.0]}},"metadata":{"importedIdentifier":"mixamorig_RightHandMiddle1","importedName":"mixamorig_RightHandMiddle1","isBone":false}},"children":["A589F199-3376-40CC-B62A-91E19D582090"]},{"@class":"BaseNode","object3D":{"@class":"BaseObject3D","id":{"uuid":"A589F199-3376-40CC-B62A-91E19D582090"},"name":"mixamorig_RightHandMiddle2","enabled":true,"visible":true,"hitVisible":true,"transform":{"@class":"BaseComponentTransformable","localTransforms":{"values":[0.9999979734420776,-0.0020459999796003105,-0.00007000000186963007,0.0,0.0020459999796003105,0.9999979734420776,0.0,0.0,0.00007000000186963007,0.0,1.0,0.0,0.00029299999005161226,0.09597299993038178,0.0,1.0]}},"metadata":{"importedIdentifier":"mixamorig_RightHandMiddle2","importedName":"mixamorig_RightHandMiddle2","isBone":false}},"children":["07D45857-0B2C-4CA1-B246-FEE714C1D2B6"]},{"@class":"BaseNode","object3D":{"@class":"BaseObject3D","id":{"uuid":"07D45857-0B2C-4CA1-B246-FEE714C1D2B6"},"name":"mixamorig_RightHandMiddle3","enabled":true,"visible":true,"hitVisible":true,"transform":{"@class":"BaseComponentTransformable","localTransforms":{"values":[0.9999819993972778,-0.005993000231683254,0.0002629999944474548,0.0,0.005993000231683254,0.9999819993972778,0.0000019999999949504856,0.0,-0.0002629999944474548,0.0,1.0,0.0,0.00012599999899975955,0.09269999712705612,0.0,1.0]}},"metadata":{"importedIdentifier":"mixamorig_RightHandMiddle3","importedName":"mixamorig_RightHandMiddle3","isBone":false}},"children":["8D5BD4C7-38B4-4F98-B376-B4A1B648320D"]},{"@class":"BaseNode","object3D":{"@class":"BaseObject3D","id":{"uuid":"8D5BD4C7-38B4-4F98-B376-B4A1B648320D"},"name":"mixamorig_RightHandMiddle4","enabled":true,"visible":true,"hitVisible":true,"transform":{"@class":"BaseComponentTransformable","localTransforms":{"values":[1.0,0.0,0.0,0.0,0.0,1.0,0.0,0.0,0.0,0.0,1.0,0.0,-0.0004189999890513718,0.08137200027704239,0.0,1.0]}},"metadata":{"importedIdentifier":"mixamorig_RightHandMiddle4","importedName":"mixamorig_RightHandMiddle4","isBone":false}}},{"@class":"BaseNode","object3D":{"@class":"BaseObject3D","id":{"uuid":"8CF4B813-08DF-42BC-8BC5-0B4C2848C76A"},"name":"mixamorig_RightHandRing1","enabled":true,"visible":true,"hitVisible":true,"transform":{"@class":"BaseComponentTransformable","localTransforms":{"values":[0.9905620217323303,-0.13706499338150025,-0.00041700000292621553,0.0,0.13703800737857819,0.9904170036315918,-0.017156999558210374,0.0,0.0027650000993162395,0.016938000917434694,0.9998530149459839,0.0,-0.02803800068795681,0.30718299746513369,-0.00184299994725734,1.0]}},"metadata":{"importedIdentifier":"mixamorig_RightHandRing1","importedName":"mixamorig_RightHandRing1","isBone":false}},"children":["8798C1D2-4A5B-4CC1-9A6C-87B91285188D"]},{"@class":"BaseNode","object3D":{"@class":"BaseObject3D","id":{"uuid":"8798C1D2-4A5B-4CC1-9A6C-87B91285188D"},"name":"mixamorig_RightHandRing2","enabled":true,"visible":true,"hitVisible":true,"transform":{"@class":"BaseComponentTransformable","localTransforms":{"values":[1.0,-0.000037999998312443498,0.00004600000102072954,0.0,0.000037999998312443498,1.0,0.0,0.0,-0.00004600000102072954,0.0,1.0,0.0,-0.00008399999933317304,0.05670100077986717,0.0,1.0]}},"metadata":{"importedIdentifier":"mixamorig_RightHandRing2","importedName":"mixamorig_RightHandRing2","isBone":false}},"children":["767D9882-4EFB-4109-9BDA-6D0760B333A4"]},{"@class":"BaseNode","object3D":{"@class":"BaseObject3D","id":{"uuid":"767D9882-4EFB-4109-9BDA-6D0760B333A4"},"name":"mixamorig_RightHandRing3","enabled":true,"visible":true,"hitVisible":true,"transform":{"@class":"BaseComponentTransformable","localTransforms":{"values":[0.9999780058860779,0.006597999949008226,0.0002859999949578196,0.0,-0.006597999949008226,0.9999780058860779,-9.999999974752428e-7,0.0,-0.0002859999949578196,-9.999999974752428e-7,1.0,0.0,-0.00014200000441633165,0.055459000170230868,0.0,1.0]}},"metadata":{"importedIdentifier":"mixamorig_RightHandRing3","importedName":"mixamorig_RightHandRing3","isBone":false}},"children":["2FDBF3FB-7BB9-4536-8FF2-A92977A15C2E"]},{"@class":"BaseNode","object3D":{"@class":"BaseObject3D","id":{"uuid":"2FDBF3FB-7BB9-4536-8FF2-A92977A15C2E"},"name":"mixamorig_RightHandRing4","enabled":true,"visible":true,"hitVisible":true,"transform":{"@class":"BaseComponentTransformable","localTransforms":{"values":[1.0,0.0,0.0,0.0,0.0,1.0,0.0,0.0,0.0,0.0,1.0,0.0,0.00022600000374950469,0.04167100042104721,0.0,1.0]}},"metadata":{"importedIdentifier":"mixamorig_RightHandRing4","importedName":"mixamorig_RightHandRing4","isBone":false}}},{"@class":"BaseNode","object3D":{"@class":"BaseObject3D","id":{"uuid":"3C822749-19B3-4B23-A73E-A128F945C404"},"name":"mixamorig_RightHandPinky1","enabled":true,"visible":true,"hitVisible":true,"transform":{"@class":"BaseComponentTransformable","localTransforms":{"values":[0.9913399815559387,-0.13132299482822419,0.0003549999964889139,0.0,0.13131000101566316,0.9911929965019226,-0.017159000039100648,0.0,0.0019020000472664834,0.01705699972808361,0.9998530149459839,0.0,-0.07068999856710434,0.3061150014400482,0.0009089999948628247,1.0]}},"metadata":{"importedIdentifier":"mixamorig_RightHandPinky1","importedName":"mixamorig_RightHandPinky1","isBone":false}},"children":["9D3F35F5-8BCD-4062-A035-BF0F54E2AFAB"]},{"@class":"BaseNode","object3D":{"@class":"BaseObject3D","id":{"uuid":"9D3F35F5-8BCD-4062-A035-BF0F54E2AFAB"},"name":"mixamorig_RightHandPinky2","enabled":true,"visible":true,"hitVisible":true,"transform":{"@class":"BaseComponentTransformable","localTransforms":{"values":[1.0,0.0004189999890513718,-0.00013299999409355223,0.0,-0.0004189999890513718,1.0,0.0,0.0,0.00013299999409355223,0.0,1.0,0.0,0.0002300000051036477,0.04978000000119209,0.0,1.0]}},"metadata":{"importedIdentifier":"mixamorig_RightHandPinky2","importedName":"mixamorig_RightHandPinky2","isBone":false}},"children":["DAEA896C-9263-4D4D-B1E5-0D91B3FF6CD6"]},{"@class":"BaseNode","object3D":{"@class":"BaseObject3D","id":{"uuid":"DAEA896C-9263-4D4D-B1E5-0D91B3FF6CD6"},"name":"mixamorig_RightHandPinky3","enabled":true,"visible":true,"hitVisible":true,"transform":{"@class":"BaseComponentTransformable","lo